dFDFcorMAD=1.6607738871243782e-05
phiPeakPIfit_rm2=-2325.000644745658
dPhiPeakPIfit_rm2=2.135289002478559
ampPeakPIfit=6.113181877963661e-05
ampPeakPIfitEff=6.113181877963661e-05
dAmpPeakPIfit=1.5777087218998227e-05
snrPIfit=3.874721482557552
indxPeakPIfit=125.89881718227488
peakFDFimagFit=-5.935045278212545e-05
peakFDFrealFit=-1.4259978443002027e-05
polAngleFit_deg=128.2448908083931
dPolAngleFit_deg=7.39353522195144
polAngle0Fit_deg=128.2448908083931
dPolAngle0Fit_deg=7.477080644635195
Ifreq0=0.001474161281094984
polyCoeffs=0.0,-118.77621,11.717486,1.5828447,-0.6722603,0.0014741613
polyCoefferr=0.0,230.80682,14.815977,3.645751,0.14460354,3.547142e-05
polyOrd=4
IfitStat=1
IfitChiSqRed=1.5972863839526836
fit_function=log
lam0Sq_m2=0
freq0_Hz=1218705795.1440442
fwhmRMSF=16.547300338745117
dQU=0.00010474999726284295
dFDFth=1.5777087218998227e-05
units=Jy/beam
min_freq=902799424.0
max_freq=1638424448.0
N_channels=46
median_channel_width=13374976.0
fracPol=0.04146888102652435
sigmaAddQ=0.03632867660984791
dSigmaAddMinusQ=0.029728123238429154
dSigmaAddPlusQ=0.16830944221709881
sigmaAddU=0.050802763385353604
dSigmaAddMinusU=0.0442412082603885
dSigmaAddPlusU=0.25726363948916103
sigmaAddC=0.03977350567293697
dSigmaAddMinusC=0.03249643049444002
dSigmaAddPlusC=0.17373141809939174
