dFDFcorMAD=1.7051064787665382e-05
phiPeakPIfit_rm2=-4.154191536957272
dPhiPeakPIfit_rm2=0.03384797422618431
ampPeakPIfit=0.0042964431754366405
ampPeakPIfitEff=0.004296364401812852
dAmpPeakPIfit=1.7155130952339763e-05
snrPIfit=250.44653913589946
indxPeakPIfit=1795.0126977624086
peakFDFimagFit=0.0008209627481676393
peakFDFrealFit=0.004216265882990104
polAngleFit_deg=5.509189662598398
dPolAngleFit_deg=0.11438724549911226
polAngle0Fit_deg=5.509189662598398
dPolAngle0Fit_deg=0.11480094393988757
cleanCutoff=0.00015439617857105787
nIter=40
mom2CCFDF=0.15342892706394196
dPhiObserved_rm2=0.03364264621851697
dAmpObserved=1.7051064787665382e-05
dPolAngleFitObserved_deg=0.1136933515288575
dPolAngleFit0Observed_deg=0.11410454039916187
