dFDFcorMAD=0.08291755616664886
phiPeakPIfit_rm2=-6.8599453209561085
dPhiPeakPIfit_rm2=0.00037820891391167485
ampPeakPIfit=1.4955879138880743
ampPeakPIfitEff=1.4955879107014611
dAmpPeakPIfit=6.437566292537085e-05
snrPIfit=23232.194371681628
indxPeakPIfit=1635.4992768391296
peakFDFimagFit=1.2790750027854927
peakFDFrealFit=0.7629082517784248
polAngleFit_deg=29.59295275769855
dPolAngleFit_deg=0.0012331116595452076
polAngle0Fit_deg=29.59295275769855
dPolAngle0Fit_deg=0.001245142302089813
Ifreq0=15.867612101452924
polyCoeffs=0.0,-14.871936,-2.3192391,0.09683823,-0.5065607,15.867612
polyCoefferr=0.0,1.0211563,0.07493248,0.011177223,0.0005329016,0.00083839346
polyOrd=4
IfitStat=1
IfitChiSqRed=3.4003618969769236
fit_function=log
lam0Sq_m2=0
freq0_Hz=1254965834.9046733
fwhmRMSF=17.573246002197266
dQU=0.0004474999732337892
dFDFth=6.437566292537085e-05
units=Jy/beam
min_freq=956300032.0
max_freq=1651800064.0
N_channels=53
median_channel_width=13399936.0
fracPol=0.0942541260234435
sigmaAddQ=192.72036556459994
dSigmaAddMinusQ=17.516856285495464
dSigmaAddPlusQ=20.62102174991969
sigmaAddU=54.99166978129675
dSigmaAddMinusU=4.9975629228586556
dSigmaAddPlusU=5.883673186874695
sigmaAddC=141.17981602173282
dSigmaAddMinusC=9.266952224197809
dSigmaAddPlusC=10.395648959076595
