dFDFcorMAD=1.6448744645458646e-05
phiPeakPIfit_rm2=-2.3483789473089263
dPhiPeakPIfit_rm2=0.657836986790619
ampPeakPIfit=0.00018813436132291442
ampPeakPIfitEff=0.0001867180914757775
dAmpPeakPIfit=1.5192850521445923e-05
snrPIfit=12.383085126609238
indxPeakPIfit=1788.3184363841515
peakFDFimagFit=-5.427089191452022e-05
peakFDFrealFit=-0.0001793347595831386
polAngleFit_deg=98.41852125655127
dPolAngleFit_deg=2.3134695000183356
polAngle0Fit_deg=98.41852125655127
dPolAngle0Fit_deg=2.3379513405230883
cleanCutoff=0.00013673565469301331
nIter=11
mom2CCFDF=0.6506311893463135
dPhiObserved_rm2=0.7122160912978583
dAmpObserved=1.6448744645458646e-05
dPolAngleFitObserved_deg=2.5047089746024085
dPolAngleFit0Observed_deg=2.531214569608763
