dFDFcorMAD=0.00020725547801703215
phiPeakPIfit_rm2=-4.275099395651551
dPhiPeakPIfit_rm2=0.0004116704545280954
ampPeakPIfit=1.4171827384322084
ampPeakPIfitEff=1.4171827344355201
dAmpPeakPIfit=7.018012697454933e-05
snrPIfit=20193.50490696813
indxPeakPIfit=1786.9388056256416
peakFDFimagFit=1.1889492608381282
peakFDFrealFit=0.7683577476868811
polAngleFit_deg=28.563729458803
dPolAngleFit_deg=0.0014186685218104803
polAngle0Fit_deg=28.563729458803
dPolAngle0Fit_deg=0.0014315074126595127
cleanCutoff=0.000631621142770944
nIter=533
mom2CCFDF=75.00748443603516
dPhiObserved_rm2=0.0012157424119459167
dAmpObserved=0.00020725547801703215
dPolAngleFitObserved_deg=0.004189602317792552
dPolAngleFit0Observed_deg=0.004227518043722909
