dFDFcorMAD=0.0926065593957901
phiPeakPIfit_rm2=-4.308732697372644
dPhiPeakPIfit_rm2=0.0003861552233861948
ampPeakPIfit=1.5108231787306061
ampPeakPIfitEff=1.5108231749816317
dAmpPeakPIfit=7.018012697454933e-05
snrPIfit=21527.792038314532
indxPeakPIfit=1786.9147224282683
peakFDFimagFit=1.2712822541515956
peakFDFrealFit=0.8128696324780887
polAngleFit_deg=28.702387746876305
dPolAngleFit_deg=0.0013307398039499123
polAngle0Fit_deg=28.702387746876305
dPolAngle0Fit_deg=0.0013427829435760537
Ifreq0=15.70945527905875
polyCoeffs=0.0,-26.745813,-5.456599,-0.001486919,-0.45201927,15.7094555
polyCoefferr=0.0,0.72662723,0.05590743,0.010525807,0.0005112002,0.0010095368
polyOrd=4
IfitStat=1
IfitChiSqRed=3.3851989247763496
fit_function=log
lam0Sq_m2=0
freq0_Hz=1219102908.070176
fwhmRMSF=16.62613868713379
dQU=0.0005050000036135316
dFDFth=7.018012697454933e-05
units=Jy/beam
min_freq=902800000.0
max_freq=1651800064.0
N_channels=57
median_channel_width=13399936.0
fracPol=0.0961728556556389
sigmaAddQ=178.77235372546332
dSigmaAddMinusQ=15.71196666708218
dSigmaAddPlusQ=18.38661488388223
sigmaAddU=62.03818630436872
dSigmaAddMinusU=5.450954212297418
dSigmaAddPlusU=6.37976963599651
sigmaAddC=133.32138940177316
dSigmaAddMinusC=8.457112164373598
dSigmaAddPlusC=9.448466857372523
