dFDFcorMAD=1.6360660083591938e-05
phiPeakPIfit_rm2=6.441288031152061
dPhiPeakPIfit_rm2=1.351374712741732
ampPeakPIfit=7.664508913565914e-05
ampPeakPIfitEff=7.39883078094355e-05
dAmpPeakPIfit=1.3190905894153657e-05
snrPIfit=5.8104492406112165
indxPeakPIfit=1794.612303296715
peakFDFimagFit=-4.263893347710897e-05
peakFDFrealFit=6.32823279050648e-05
polAngleFit_deg=163.01417278241016
dPolAngleFit_deg=4.930408746420374
polAngle0Fit_deg=163.01417278241016
dPolAngle0Fit_deg=4.9775907663927255
Ifreq0=0.0008553173591597902
polyCoeffs=0.0,-741.61896,-50.2984,16.995104,-0.45380542,0.00085531734
polyCoefferr=0.0,319.86218,20.176773,5.22755,0.21401066,3.177283e-05
polyOrd=4
IfitStat=1
IfitChiSqRed=0.8443905370845245
fit_function=log
lam0Sq_m2=0
freq0_Hz=1223546638.3553455
fwhmRMSF=15.704188346862793
dQU=0.00010725000174716115
dFDFth=1.3190905894153657e-05
units=Jy/beam
min_freq=902799424.0
max_freq=1651799424.0
N_channels=54
median_channel_width=13374976.0
fracPol=0.08650392397287125
sigmaAddQ=0.05132297358436683
dSigmaAddMinusQ=0.04447330855432348
dSigmaAddPlusQ=0.2506648147794051
sigmaAddU=0.7698780406413158
dSigmaAddMinusU=0.26072492617971177
dSigmaAddPlusU=0.21969857468746368
sigmaAddC=0.5417969163700478
dSigmaAddMinusC=0.33141757879280354
dSigmaAddPlusC=0.18263379083935094
