dFDFcorMAD=1.846432132879272e-05
phiPeakPIfit_rm2=-3.933934970976576
dPhiPeakPIfit_rm2=0.41404591547140923
ampPeakPIfit=0.0002979484030814443
ampPeakPIfitEff=0.000297098880802542
dAmpPeakPIfit=1.4825153781147479e-05
snrPIfit=20.09749156601213
indxPeakPIfit=1785.1871523393756
peakFDFimagFit=-0.00014518259678233765
peakFDFrealFit=0.00025936222882862766
polAngleFit_deg=165.38065361865466
dPolAngleFit_deg=1.425446039494254
polAngle0Fit_deg=165.38065361865466
dPolAngle0Fit_deg=1.429583772550445
Ifreq0=0.018211088804038166
polyCoeffs=0.0,-46.356182,1.55447,0.7053972,-0.6305045,0.01821109
polyCoefferr=0.0,17.020964,1.0904472,0.26786438,0.011329442,3.2323467e-05
polyOrd=4
IfitStat=1
IfitChiSqRed=1.1622044225373376
fit_function=log
lam0Sq_m2=0
freq0_Hz=1218763620.6591809
fwhmRMSF=16.642568588256836
dQU=0.0001952500024344772
dFDFth=1.4825153781147479e-05
units=Jy/beam
min_freq=904471296.0
max_freq=1646783872.0
N_channels=174
median_channel_width=3343744.0
fracPol=0.016314174511996373
sigmaAddQ=0.034892849909075506
dSigmaAddMinusQ=0.027740800549479576
dSigmaAddPlusQ=0.14281875038991668
sigmaAddU=0.035729575895075465
dSigmaAddMinusU=0.02825140752518082
dSigmaAddPlusU=0.143619212472058
sigmaAddC=0.03294990395309534
dSigmaAddMinusC=0.025236907295853483
dSigmaAddPlusC=0.12202820038412453
