dFDFcorMAD=3.125712100882083e-05
phiPeakPIfit_rm2=-1.876868827517977
dPhiPeakPIfit_rm2=0.38287376173578386
ampPeakPIfit=0.00033838542861155447
ampPeakPIfitEff=0.000337574704466467
dAmpPeakPIfit=1.5435943387500965e-05
snrPIfit=21.921914334407138
indxPeakPIfit=1748.6860557837988
peakFDFimagFit=4.255006014737293e-05
peakFDFrealFit=-0.00033440791939618787
polAngleFit_deg=86.37432561622138
dPolAngleFit_deg=1.3068151494223017
polAngle0Fit_deg=86.37432561622138
dPolAngle0Fit_deg=1.3212555341958574
Ifreq0=0.002983608167776229
polyCoeffs=0.0,54.290623,7.0487905,-0.5655251,-0.6730914,0.0029836083
polyCoefferr=0.0,115.76571,7.238347,1.8011249,0.07303869,3.5135396e-05
polyOrd=4
IfitStat=1
IfitChiSqRed=1.400730073246797
fit_function=log
lam0Sq_m2=0
freq0_Hz=1233548739.17166
fwhmRMSF=16.786651611328125
dQU=0.0001049999991664663
dFDFth=1.5435943387500965e-05
units=Jy/beam
min_freq=916174464.0
max_freq=1651799424.0
N_channels=47
median_channel_width=13374976.0
fracPol=0.11314310910942148
sigmaAddQ=0.026424233068384817
dSigmaAddMinusQ=0.020792196728703447
dSigmaAddPlusQ=0.11404940202348823
sigmaAddU=0.041220198622249474
dSigmaAddMinusU=0.035083215549466536
dSigmaAddPlusU=0.2076949610339902
sigmaAddC=0.02765886095024646
dSigmaAddMinusC=0.021262900972414067
dSigmaAddPlusC=0.11206550243430695
