dFDFcorMAD=5.3791434766026214e-05
phiPeakPIfit_rm2=-11.451377979248317
dPhiPeakPIfit_rm2=0.09241487295785958
ampPeakPIfit=0.0016009709825976872
ampPeakPIfitEff=0.0016007715798800925
dAmpPeakPIfit=1.6660760565099286e-05
snrPIfit=96.09231081271147
indxPeakPIfit=1781.8017622398847
peakFDFimagFit=0.001161073379628599
peakFDFrealFit=0.0010965536896402684
polAngleFit_deg=23.318492138870926
dPolAngleFit_deg=0.2981288462546943
polAngle0Fit_deg=23.31849213887093
dPolAngle0Fit_deg=0.2986723815213605
Ifreq0=0.1989645186830801
polyCoeffs=0.0,10.385359,-2.5604558,0.102930695,-0.32301632,0.19896452
polyCoefferr=0.0,1.7921157,0.11790476,0.02889267,0.0012545643,4.100783e-05
polyOrd=4
IfitStat=1
IfitChiSqRed=2.483362940522195
fit_function=log
lam0Sq_m2=0
freq0_Hz=1222387015.943183
fwhmRMSF=17.760717391967773
dQU=0.0002639999729581177
dFDFth=1.6660760565099286e-05
units=Jy/beam
min_freq=903600000.0
max_freq=1647600000.0
N_channels=276
median_channel_width=1699968.0
fracPol=0.008045512790297428
sigmaAddQ=2.616616781001848
dSigmaAddMinusQ=0.12474989355035326
dSigmaAddPlusQ=0.13318926869221936
sigmaAddU=1.2236612170156798
dSigmaAddMinusU=0.08598595554843635
dSigmaAddPlusU=0.08968013277131193
sigmaAddC=2.040992139657798
dSigmaAddMinusC=0.07552822518758084
dSigmaAddPlusC=0.07872338112377042
