dFDFcorMAD=3.075205677305348e-05
phiPeakPIfit_rm2=-11.73216680873841
dPhiPeakPIfit_rm2=0.1147379130688601
ampPeakPIfit=0.0012894912066004755
ampPeakPIfitEff=0.0012892436293160236
dAmpPeakPIfit=1.6660760565099286e-05
snrPIfit=77.39689923290072
indxPeakPIfit=1781.6007406876815
peakFDFimagFit=0.0009747812710453407
peakFDFrealFit=0.0008356956342761507
polAngleFit_deg=24.69649260913699
dPolAngleFit_deg=0.3701426031336822
polAngle0Fit_deg=24.69649260913699
dPolAngle0Fit_deg=0.3708174306823284
cleanCutoff=0.00023325064791139002
nIter=60
mom2CCFDF=61.649627685546875
dPhiObserved_rm2=0.21178065688709055
dAmpObserved=3.075205677305348e-05
dPolAngleFitObserved_deg=0.683200883970267
dPolAngleFit0Observed_deg=0.6844464654673963
