dFDFcorMAD=0.00017936031508725137
phiPeakPIfit_rm2=-5.543229005378893
dPhiPeakPIfit_rm2=0.00037588033968166684
ampPeakPIfit=1.378794173612005
ampPeakPIfitEff=1.3787941706678208
dAmpPeakPIfit=5.9413247854435254e-05
snrPIfit=23206.84735145441
indxPeakPIfit=1786.0307546503057
peakFDFimagFit=1.1772148211780042
peakFDFrealFit=0.7164153501185876
polAngleFit_deg=29.33832060579963
dPolAngleFit_deg=0.0012344584907499618
polAngle0Fit_deg=29.33832060579963
dPolAngle0Fit_deg=0.001245836228879259
cleanCutoff=0.0005347192306899173
nIter=853
mom2CCFDF=170.9359893798828
dPhiObserved_rm2=0.001134730360568464
dAmpObserved=0.00017936031508725137
dPolAngleFitObserved_deg=0.0037266581420614467
dPolAngleFit0Observed_deg=0.0037610059478042136
