dFDFcorMAD=2.264647264382802e-05
phiPeakPIfit_rm2=2.910325710281354
dPhiPeakPIfit_rm2=0.48088071430893076
ampPeakPIfit=0.00026414294328488004
ampPeakPIfitEff=0.0002631396453103217
dAmpPeakPIfit=1.516605983563378e-05
snrPIfit=17.4167150959181
indxPeakPIfit=1860.1632115475222
peakFDFimagFit=-0.00015838507478423903
peakFDFrealFit=0.00021074861108451415
polAngleFit_deg=161.53691802582708
dPolAngleFit_deg=1.6448503405361024
polAngle0Fit_deg=161.53691802582708
dPolAngle0Fit_deg=1.6569006872797862
Ifreq0=0.10138251347499598
polyCoeffs=0.0,-5.053479,0.12263817,0.42260396,-0.13835369,0.10138252
polyCoefferr=0.0,6.669789,0.38042474,0.08213729,0.0030818933,4.774497e-05
polyOrd=4
IfitStat=1
IfitChiSqRed=2.17766320448241
fit_function=log
lam0Sq_m2=0
freq0_Hz=1167678882.1389832
fwhmRMSF=16.75072479248047
dQU=0.00013050000416114926
dFDFth=1.516605983563378e-05
units=Jy/beam
min_freq=906051776.0
max_freq=1514614272.0
N_channels=70
median_channel_width=6687488.0
fracPol=0.002595513134276553
sigmaAddQ=0.41653549654881683
dSigmaAddMinusQ=0.3887334472082819
dSigmaAddPlusQ=0.28634343433851395
sigmaAddU=0.4802502602207224
dSigmaAddMinusU=0.43754856876930703
dSigmaAddPlusU=0.2608505978294506
sigmaAddC=0.5968529457053456
dSigmaAddMinusC=0.18169984819854357
dSigmaAddPlusC=0.14414143523760514
