dFDFcorMAD=1.6371339370380156e-05
phiPeakPIfit_rm2=-3.63848230716445
dPhiPeakPIfit_rm2=0.05726427064310514
ampPeakPIfit=0.0021102248174068223
ampPeakPIfitEff=0.002110110875467382
dAmpPeakPIfit=1.4459437025794046e-05
snrPIfit=145.9410081901815
indxPeakPIfit=1785.3984072760381
peakFDFimagFit=0.0009443223594364937
peakFDFrealFit=0.0018763462008722033
polAngleFit_deg=13.357536164533695
dPolAngleFit_deg=0.19629773777641008
polAngle0Fit_deg=13.357536164533697
dPolAngle0Fit_deg=0.19690641439312162
cleanCutoff=0.0001301349332321464
nIter=35
mom2CCFDF=0.6852407455444336
dPhiObserved_rm2=0.0648360518340505
dAmpObserved=1.6371339370380156e-05
dPolAngleFitObserved_deg=0.22225325073463728
dPolAngleFit0Observed_deg=0.22294240975522872
