dFDFcorMAD=1.759622318786569e-05
phiPeakPIfit_rm2=-1.5973086298540393
dPhiPeakPIfit_rm2=0.4909389771686311
ampPeakPIfit=0.0003037865170422728
ampPeakPIfitEff=0.00030269513648001643
dAmpPeakPIfit=1.6964185906982505e-05
snrPIfit=17.907521098152632
indxPeakPIfit=1815.8387748416685
peakFDFimagFit=0.00019016002268108345
peakFDFrealFit=0.00023607657832762385
polAngleFit_deg=19.425746874317923
dPolAngleFit_deg=1.5997685888247548
polAngle0Fit_deg=19.425746874317923
dPolAngle0Fit_deg=1.6116629428448919
cleanCutoff=0.00015267767316284254
nIter=15
mom2CCFDF=0.5074850916862488
dPhiObserved_rm2=0.5092299660737643
dAmpObserved=1.759622318786569e-05
dPolAngleFitObserved_deg=1.659371412943002
dPolAngleFit0Observed_deg=1.6717089167384345
