dFDFcorMAD=2.5484381694695912e-05
phiPeakPIfit_rm2=-1.660478215033438
dPhiPeakPIfit_rm2=0.4894963575627338
ampPeakPIfit=0.00030468182173396555
ampPeakPIfitEff=0.0003035936596951732
dAmpPeakPIfit=1.6964185906982505e-05
snrPIfit=17.96029726416507
indxPeakPIfit=1815.7928512736237
peakFDFimagFit=0.00019241113253541393
peakFDFrealFit=0.00023532410757362668
polAngleFit_deg=19.63545636615065
dPolAngleFit_deg=1.5950676837459865
polAngle0Fit_deg=19.63545636615065
dPolAngle0Fit_deg=1.6069270863177627
Ifreq0=0.09516634020406538
polyCoeffs=0.0,-88.68553,-0.34493563,1.6865866,-0.052822713,0.09516634
polyCoefferr=0.0,6.0131817,0.34528205,0.08329706,0.003117555,5.0897062e-05
polyOrd=4
IfitStat=1
IfitChiSqRed=3.365947569087388
fit_function=log
lam0Sq_m2=0
freq0_Hz=1191680417.815799
fwhmRMSF=17.58300018310547
dQU=0.00014449999434873462
dFDFth=1.6964185906982505e-05
units=Jy/beam
min_freq=906099968.0
max_freq=1581600000.0
N_channels=69
median_channel_width=6700032.0
fracPol=0.003190136964857288
sigmaAddQ=0.042414919706228404
dSigmaAddMinusQ=0.03638871485402932
dSigmaAddPlusQ=0.21083483688511234
sigmaAddU=0.037209984028635165
dSigmaAddMinusU=0.030308607365825718
dSigmaAddPlusU=0.1666768999103424
sigmaAddC=0.037287638776385454
dSigmaAddMinusC=0.030386262113576007
dSigmaAddPlusC=0.15992902051420121
