dFDFcorMAD=0.00033893215004354715
phiPeakPIfit_rm2=-7.103735853788004
dPhiPeakPIfit_rm2=0.00041898050873544456
ampPeakPIfit=1.3424652023830141
ampPeakPIfitEff=1.3424651986764684
dAmpPeakPIfit=6.577900240144082e-05
snrPIfit=20408.719399393154
indxPeakPIfit=1745.0270830923275
peakFDFimagFit=1.1577235725777373
peakFDFrealFit=0.6782922395945479
polAngleFit_deg=29.817312867015424
dPolAngleFit_deg=0.0014037083462175974
polAngle0Fit_deg=29.817312867015424
dPolAngle0Fit_deg=0.0014166460238251046
cleanCutoff=0.0009209060336201714
nIter=655
mom2CCFDF=176.66427612304688
dPhiObserved_rm2=0.002158834270325342
dAmpObserved=0.00033893215004354715
dPolAngleFitObserved_deg=0.007232731881734665
dPolAngleFit0Observed_deg=0.007299394414275394
