dFDFcorMAD=1.796705873857718e-05
phiPeakPIfit_rm2=-2.3560485445761814
dPhiPeakPIfit_rm2=1.0655359782044675
ampPeakPIfit=0.00011742079991090461
ampPeakPIfitEff=0.00011494156621434667
dAmpPeakPIfit=1.582623864112815e-05
snrPIfit=7.419375037462119
indxPeakPIfit=1788.3129445465895
peakFDFimagFit=5.0862633479285726e-05
peakFDFrealFit=0.00010540470976237565
polAngleFit_deg=12.879726266510483
dPolAngleFit_deg=3.861226803051662
polAngle0Fit_deg=12.879726266510483
dPolAngle0Fit_deg=3.9020874838361883
cleanCutoff=0.00014243614777015336
nIter=0
mom2CCFDF=nan
dPhiObserved_rm2=1.2096713529085437
dAmpObserved=1.796705873857718e-05
dPolAngleFitObserved_deg=4.383536122923805
dPolAngleFit0Observed_deg=4.429924040381715
