dFDFcorMAD=5.002848047297448e-05
phiPeakPIfit_rm2=-3.8521312382420287
dPhiPeakPIfit_rm2=0.10457147475385192
ampPeakPIfit=0.0013000189410429565
ampPeakPIfitEff=0.0012997832798372
dAmpPeakPIfit=1.632113228836637e-05
snrPIfit=79.65249702495238
indxPeakPIfit=1785.2456437476258
peakFDFimagFit=0.0001555359609009609
peakFDFrealFit=0.0012868725001606476
polAngleFit_deg=3.4457715196455303
dPolAngleFit_deg=0.35966091242019405
polAngle0Fit_deg=3.4457715196455303
dPolAngle0Fit_deg=0.360762479815597
Ifreq0=0.02629025142962636
polyCoeffs=0.0,-26.120783,1.4589534,1.0857987,-0.52602684,0.026290251
polyCoefferr=0.0,12.681029,0.8875967,0.20239364,0.008765706,3.744824e-05
polyOrd=4
IfitStat=1
IfitChiSqRed=1.3311279726292145
fit_function=log
lam0Sq_m2=0
freq0_Hz=1204064354.5846102
fwhmRMSF=16.65875816345215
dQU=0.00021549999655690044
dFDFth=1.632113228836637e-05
units=Jy/beam
min_freq=904471296.0
max_freq=1646783872.0
N_channels=165
median_channel_width=3343744.0
fracPol=0.04943974321875372
sigmaAddQ=0.6148965867445977
dSigmaAddMinusQ=0.1463932164959798
dSigmaAddPlusQ=0.12808383152300595
sigmaAddU=0.4655162757793054
dSigmaAddMinusU=0.3284450847921082
dSigmaAddPlusU=0.16202746391266493
sigmaAddC=0.5878092098450908
dSigmaAddMinusC=0.09607877380183694
dSigmaAddPlusC=0.08992659643323075
