dFDFcorMAD=0.0001973121106857434
phiPeakPIfit_rm2=-6.09650367607583
dPhiPeakPIfit_rm2=0.00037398704837859594
ampPeakPIfit=1.4420144467213662
ampPeakPIfitEff=1.4420144438877824
dAmpPeakPIfit=5.960791289696394e-05
snrPIfit=24191.661419415566
indxPeakPIfit=1785.6345806126915
peakFDFimagFit=1.2418327007322398
peakFDFrealFit=0.7222968441612148
polAngleFit_deg=29.908049423705823
dPolAngleFit_deg=0.0011842051382857544
polAngle0Fit_deg=29.908049423705823
dPolAngle0Fit_deg=0.001195119702084978
cleanCutoff=0.0005364712160726754
nIter=656
mom2CCFDF=96.12760162353516
dPhiObserved_rm2=0.0012379593630843348
dAmpObserved=0.0001973121106857434
dPolAngleFitObserved_deg=0.003919916064230558
dPolAngleFit0Observed_deg=0.0039560450866333655
