dFDFcorMAD=0.08568991720676422
phiPeakPIfit_rm2=-6.11347435674042
dPhiPeakPIfit_rm2=0.00035254297031384036
ampPeakPIfit=1.5297276419056876
ampPeakPIfitEff=1.5297276392345789
dAmpPeakPIfit=5.960791289696394e-05
snrPIfit=25663.163958616013
indxPeakPIfit=1785.6224287040388
peakFDFimagFit=1.319292057801347
peakFDFrealFit=0.7648518155191049
polAngleFit_deg=29.948619194461802
dPolAngleFit_deg=0.0011163038899933877
polAngle0Fit_deg=29.948619194461802
dPolAngle0Fit_deg=0.0011265926226062958
Ifreq0=16.158531428534364
polyCoeffs=0.0,-17.075174,-3.1527429,-0.11639406,-0.48260924,16.158531
polyCoefferr=0.0,0.6212289,0.063236594,0.006895918,0.00040505052,0.00063777773
polyOrd=4
IfitStat=1
IfitChiSqRed=2.188828120570797
fit_function=log
lam0Sq_m2=0
freq0_Hz=1227590706.4074435
fwhmRMSF=18.094736099243164
dQU=0.0004107499844394624
dFDFth=5.960791289696394e-05
units=Jy/beam
min_freq=902799424.0
max_freq=1651799424.0
N_channels=56
median_channel_width=13374976.0
fracPol=0.09466996713161888
sigmaAddQ=185.00611321758106
dSigmaAddMinusQ=16.392735045793472
dSigmaAddPlusQ=19.211427779639877
sigmaAddU=51.927109809804904
dSigmaAddMinusU=4.6007917455810485
dSigmaAddPlusU=5.392349155877639
sigmaAddC=135.37634941327636
dSigmaAddMinusC=8.657619463735713
dSigmaAddPlusC=9.681884618560446
