dFDFcorMAD=4.361341052572243e-05
phiPeakPIfit_rm2=-1.8582060147214197
dPhiPeakPIfit_rm2=0.13887059940278804
ampPeakPIfit=0.0009025992668150521
ampPeakPIfitEff=0.0009023410847214568
dAmpPeakPIfit=1.4234118209645456e-05
snrPIfit=63.41097168937549
indxPeakPIfit=1786.6713428497762
peakFDFimagFit=-2.529386635255426e-05
peakFDFrealFit=0.00089974881184696
polAngleFit_deg=179.19485850991623
dPolAngleFit_deg=0.4517812768565589
polAngle0Fit_deg=179.19485850991623
dPolAngle0Fit_deg=0.4532362927872723
Ifreq0=0.08746938721121426
polyCoeffs=0.0,-26.88074,0.49234608,0.9365759,0.039636515,0.087469384
polyCoefferr=0.0,3.5975306,0.2736672,0.056226972,0.0025644165,3.4669232e-05
polyOrd=4
IfitStat=1
IfitChiSqRed=2.1983872041312424
fit_function=log
lam0Sq_m2=0
freq0_Hz=1202097560.9127028
fwhmRMSF=17.611839294433594
dQU=0.00018200000340584666
dFDFth=1.4234118209645456e-05
units=Jy/beam
min_freq=904471296.0
max_freq=1646783872.0
N_channels=157
median_channel_width=3343744.0
fracPol=0.010316078727550176
sigmaAddQ=0.9780219078921074
dSigmaAddMinusQ=0.11302413259166844
dSigmaAddPlusQ=0.11677106508214152
sigmaAddU=0.6567692164677135
dSigmaAddMinusU=0.13787048068889862
dSigmaAddPlusU=0.1269050063322329
sigmaAddC=0.8433431292627037
dSigmaAddMinusC=0.08184355566257817
dSigmaAddPlusC=0.0825656563609114
