dFDFcorMAD=2.0241986931068823e-05
phiPeakPIfit_rm2=-2.070573597999048
dPhiPeakPIfit_rm2=0.17087558117174467
ampPeakPIfit=0.0007335425011789209
ampPeakPIfitEff=0.0007332247934685876
dAmpPeakPIfit=1.4234118209645456e-05
snrPIfit=51.534102104185905
indxPeakPIfit=1786.5194954734561
peakFDFimagFit=-2.6675332495711934e-06
peakFDFrealFit=0.000730628075186628
polAngleFit_deg=179.89540662137117
dPolAngleFit_deg=0.5559015988795933
polAngle0Fit_deg=179.89540662137117
dPolAngle0Fit_deg=0.5576919468282883
cleanCutoff=0.00012810706388680912
nIter=34
mom2CCFDF=10.249333381652832
dPhiObserved_rm2=0.24299793144709306
dAmpObserved=2.0241986931068823e-05
dPolAngleFitObserved_deg=0.7905338942496579
dPolAngleFit0Observed_deg=0.7930799037211116
