dFDFcorMAD=0.08909811079502106
phiPeakPIfit_rm2=-5.958555570998725
dPhiPeakPIfit_rm2=0.0003602263022583124
ampPeakPIfit=1.4786382060311372
ampPeakPIfitEff=1.4786382031451542
dAmpPeakPIfit=6.0915656028420696e-05
snrPIfit=24273.533315331388
indxPeakPIfit=1785.7333632436719
peakFDFimagFit=1.2605399401229043
peakFDFrealFit=0.7648413917535045
polAngleFit_deg=29.376212940545503
dPolAngleFit_deg=0.0011802109476351714
polAngle0Fit_deg=29.376212940545503
dPolAngle0Fit_deg=0.0011908918074009067
Ifreq0=15.715979316162127
polyCoeffs=0.0,9.068743,1.2794266,-0.008943345,-0.56684285,15.71598
polyCoefferr=0.0,0.58499765,0.04708562,0.008045603,0.0004208736,0.00074859615
polyOrd=4
IfitStat=1
IfitChiSqRed=9.93219106663489
fit_function=log
lam0Sq_m2=0
freq0_Hz=1219102908.070176
fwhmRMSF=17.487930297851562
dQU=0.0004419999895617366
dFDFth=6.0915656028420696e-05
units=Jy/beam
min_freq=902800000.0
max_freq=1651800064.0
N_channels=57
median_channel_width=13399936.0
fracPol=0.09408501840063764
sigmaAddQ=268.03601277127984
dSigmaAddMinusQ=23.550242115299056
dSigmaAddPlusQ=27.561526485754257
sigmaAddU=62.07971264396037
dSigmaAddMinusU=5.454636722916632
dSigmaAddPlusU=6.383789133811966
sigmaAddC=193.85256999788064
dSigmaAddMinusC=12.28999132055381
dSigmaAddPlusC=13.734645766711594
