dFDFcorMAD=2.8317936084931716e-05
phiPeakPIfit_rm2=-2.4753747829179806
dPhiPeakPIfit_rm2=0.466472656346408
ampPeakPIfit=0.0002725420694185642
ampPeakPIfitEff=0.0002715209828024916
dAmpPeakPIfit=1.55414662858476e-05
snrPIfit=17.536445043589417
indxPeakPIfit=1788.2275006445132
peakFDFimagFit=-1.4640030954133659e-05
peakFDFrealFit=-0.00027131372422730684
polAngleFit_deg=91.54433635064976
dPolAngleFit_deg=1.6336201371106065
polAngle0Fit_deg=91.54433635064976
dPolAngle0Fit_deg=1.651281408624329
Ifreq0=0.0035389256808542975
polyCoeffs=0.0,-65.293884,-4.2693615,2.3288324,-0.6442519,0.0035389257
polyCoefferr=0.0,90.11727,5.6325893,1.4554875,0.05865646,3.446884e-05
polyOrd=4
IfitStat=1
IfitChiSqRed=1.4602100338270296
fit_function=log
lam0Sq_m2=0
freq0_Hz=1220612471.3178656
fwhmRMSF=16.360544204711914
dQU=0.00010624999413266778
dFDFth=1.55414662858476e-05
units=Jy/beam
min_freq=902799424.0
max_freq=1651799424.0
N_channels=48
median_channel_width=13374976.0
fracPol=0.07672412683640939
sigmaAddQ=0.03486134869076548
dSigmaAddMinusQ=0.028731853034183887
dSigmaAddPlusQ=0.1652400645511592
sigmaAddU=0.03384413172176221
dSigmaAddMinusU=0.027849998176130254
dSigmaAddPlusU=0.16028408394426247
sigmaAddC=0.03006325974400584
dSigmaAddMinusC=0.02378943695510165
dSigmaAddPlusC=0.12840316455948145
