dFDFcorMAD=0.00019033372518606484
phiPeakPIfit_rm2=-4.472100804825196
dPhiPeakPIfit_rm2=0.00033180645120142884
ampPeakPIfit=1.4193672585192127
ampPeakPIfitEff=1.4193672561518385
dAmpPeakPIfit=5.405451063757554e-05
snrPIfit=26258.072486046178
indxPeakPIfit=1786.7977390666308
peakFDFimagFit=1.2073756499345742
peakFDFrealFit=0.7385813326580238
polAngleFit_deg=29.27242531744457
dPolAngleFit_deg=0.0010910126694091866
polAngle0Fit_deg=29.27242531744457
dPolAngle0Fit_deg=0.001100886288483768
cleanCutoff=0.00048649059573817983
nIter=526
mom2CCFDF=54.560264587402344
dPhiObserved_rm2=0.0011683383523970938
dAmpObserved=0.00019033372518606484
dPolAngleFitObserved_deg=0.0038416129041688608
dPolAngleFit0Observed_deg=0.0038763793404452606
