dFDFcorMAD=1.819417957449332e-05
phiPeakPIfit_rm2=4.987207487115211
dPhiPeakPIfit_rm2=1.4953012107507793
ampPeakPIfit=8.853866283620962e-05
ampPeakPIfitEff=8.484817299198621e-05
dAmpPeakPIfit=1.6679619909468658e-05
snrPIfit=5.308194270419085
indxPeakPIfit=1793.5711045487806
peakFDFimagFit=-5.243622423159232e-05
peakFDFrealFit=7.087651792769986e-05
polAngleFit_deg=161.75251802812477
dPolAngleFit_deg=5.396918103805457
polAngle0Fit_deg=161.75251802812477
dPolAngle0Fit_deg=5.463963135368198
Ifreq0=0.0009142278551427063
polyCoeffs=0.0,148.5113,-7.979209,-2.6113653,-0.9786091,0.00091422786
polyCoefferr=0.0,379.19354,24.027767,6.160355,0.24293016,3.7382342e-05
polyOrd=4
IfitStat=1
IfitChiSqRed=0.721582049412319
fit_function=log
lam0Sq_m2=0
freq0_Hz=1224774690.1077433
fwhmRMSF=15.874698638916016
dQU=0.00010299999848939478
dFDFth=1.6679619909468658e-05
units=Jy/beam
min_freq=902799424.0
max_freq=1651799424.0
N_channels=42
median_channel_width=13374976.0
fracPol=0.09280856245486181
sigmaAddQ=0.05130701064635077
dSigmaAddMinusQ=0.04469067077986891
dSigmaAddPlusQ=0.26165805221926886
sigmaAddU=0.026256407967767213
dSigmaAddMinusU=0.019836508952233635
dSigmaAddPlusU=0.10508747951913222
sigmaAddC=0.02766956666164392
dSigmaAddMinusC=0.021053226795162056
dSigmaAddPlusC=0.11052889446505346
